213
NC_001803.1 0.0000000 0.0153298 0.0287776 0.0258231 0.0243296 0.0126288 0.0174279 0.0218159 0.0338834 0.0149704 0.0276365 0.0293372 0.0163752 0.0123855 0.0246812 0.0237743 0.0235393 0.0232420 0.0323635 0.0344929 0.0284504 0.0352622 0.0357785 0.0274352 0.0310221 0.0326525 0.0185019 0.0301859 0.0221977 0.0299377 0.0377772 0.0191066 0.0276154 0.0352779 0.0506118 0.0368371 0.0326144 0.0206042 0.0264417 0.0140040 0.0473566 0.0288247 0.0111980 0.0129396 0.0308790 0.0235117 0.0365771 0.0224133 0.0336360 0.0236466 0.0183080 0.0511321 0.0178636 0.0224433 0.0230268 0.0332057 0.0334062 0.0137207 0.0343491 0.0345205 0.0120842 0.0296497 0.0263536 0.0199450 0.0236249 0.0332346 0.0347172 0.0163978 0.0305181 0.0235579 0.0304764 0.0169125 0.0353052 0.0121917 0.0457141 0.0346029 0.0254010 0.0211955 0.0213398 0.0226664 0.0237684 0.0305492 0.0225407 0.0354698 0.0246779 0.0339845 0.0310201 0.0174258 0.0117960 0.0217634 0.0460587 0.0300657 0.0185860 0.0279037 0.0251802 0.0124595 0.0385155 0.0332708 0.0342499 0.0331366 0.0241451 0.0151293 0.0301936 0.0346896 0.0279570 0.0348469 0.0466506 0.0327209 0.0435080 0.0265949 0.0206586 0.0341296 0.0357241 0.0196493 0.0298582 0.0131413 0.0532672 0.0291086 0.0320044 0.0167502 0.0302146 0.0223693 0.0253167 0.0311172 0.0323223 0.0413663 0.0316316 0.0207826 0.0193641 0.0216947 0.0317306 0.0416084 0.0346143 0.0409494 0.0196392 0.0238579 0.0168811 0.0280699 0.0216898 0.0253984 0.0298529 0.0300973 0.0281710 0.0286045 0.0200145 0.0157690 0.0394299 0.0164164 0.0321474 0.0085677 0.0363162 0.0399414 0.0304302 0.0400090 0.0229536 0.0408349 0.0133590 0.0370495 0.0401638 0.0313964 0.0340881 0.0180097 0.0327769 0.0220879 0.0291911 0.0252402 0.0314308 0.0250442 0.0167115 0.0279464 0.0294976 0.0383703 0.0212411 0.0436796 0.0351608 0.0240275 0.0225249 0.0254921 0.0225549 0.0352546 0.0223721 0.0147756 0.0307442 0.0310903 0.0187395 0.0462276 0.0351946 0.0193636 0.0206455 0.0137042 0.0227372 0.0201751 0.0253331 0.0307991 0.0178811 0.0207189 0.0279768 0.0190418 0.0167374 0.0112374 0.0153481 0.0346572 0.0337755 0.0165835 0.0255967 0.0237734 0.0235910 0.0237679 0.0239346 0.0138507 0.0042701 0.0111164 0.0149333 
SRR1050571  0.0153298 0.0000000 0.0383233 0.0211746 0.0140958 0.0152157 0.0269555 0.0319366 0.0403656 0.0209070 0.0350737 0.0160632 0.0225180 0.0172652 0.0340144 0.0331984 0.0347141 0.0313139 0.0404950 0.0408109 0.0357020 0.0420155 0.0429295 0.0355074 0.0193003 0.0406061 0.0285231 0.0374278 0.0281362 0.0383884 0.0445705 0.0285356 0.0366741 0.0417898 0.0582671 0.0453505 0.0398754 0.0148072 0.0352936 0.0194450 0.0554990 0.0364774 0.0176644 0.0206032 0.0386830 0.0297326 0.0450308 0.0346526 0.0411586 0.0327463 0.0118857 0.0599271 0.0197668 0.0287047 0.0305144 0.0398412 0.0400476 0.0196320 0.0404596 0.0411858 0.0189037 0.0376440 0.0328101 0.0313721 0.0300788 0.0402565 0.0412913 0.0277590 0.0385640 0.0319370 0.0396943 0.0246709 0.0431513 0.0183221 0.0498980 0.0408360 0.0329755 0.0313071 0.0306785 0.0315558 0.0327262 0.0370736 0.0340643 0.0424153 0.0310253 0.0407452 0.0379348 0.0173338 0.0171753 0.0279183 0.0537692 0.0390848 0.0248966 0.0351767 0.0316922 0.0172712 0.0449770 0.0407759 0.0419630 0.0404521 0.0335955 0.0215373 0.0372675 0.0420205 0.0363849 0.0418864 0.0545455 0.0396192 0.0517128 0.0345617 0.0151488 0.0405423 0.0426064 0.0290089 0.0386526 0.0188067 0.0613737 0.0377185 0.0393307 0.0229079 0.0379915 0.0286084 0.0342658 0.0390297 0.0407536 0.0480819 0.0403831 0.0309976 0.0298708 0.0325906 0.0401954 0.0470097 0.0414384 0.0479530 0.0300628 0.0340242 0.0290162 0.0364169 0.0308280 0.0345234 0.0387462 0.0390220 0.0362402 0.0379768 0.0301340 0.0267580 0.0458813 0.0267197 0.0398362 0.0208677 0.0424217 0.0474870 0.0389551 0.0468334 0.0322499 0.0472094 0.0250999 0.0440615 0.0469659 0.0406324 0.0419229 0.0291100 0.0403115 0.0326044 0.0389885 0.0346693 0.0404037 0.0339138 0.0276802 0.0372317 0.0371027 0.0452493 0.0300237 0.0494808 0.0419157 0.0332251 0.0349035 0.0348696 0.0320748 0.0417383 0.0329801 0.0278318 0.0390307 0.0390839 0.0157463 0.0555606 0.0438634 0.0303536 0.0285817 0.0277066 0.0327138 0.0320760 0.0127057 0.0382851 0.0277348 0.0342419 0.0380637 0.0311957 0.0185920 0.0162390 0.0282624 0.0412856 0.0404666 0.0290333 0.0356090 0.0310542 0.0338441 0.0329183 0.0339330 0.0260735 0.0183976 0.0241235 0.0265534 
SRR1180811  0.0287776 0.0383233 0.0000000 0.0437625 0.0418600 0.0339231 0.0251250 0.0195513 0.0135073 0.0242725 0.0160847 0.0472454 0.0290905 0.0320449 0.0198047 0.0165048 0.0151315 0.0170925 0.0122558 0.0149251 0.0160926 0.0141070 0.0097316 0.0148409 0.0488193 0.0132637 0.0224305 0.0160576 0.0226205 0.0155525 0.0119829 0.0228140 0.0193251 0.0151867 0.0669252 0.0548354 0.0138229 0.0379523 0.0150473 0.0319861 0.0639208 0.0169815 0.0297110 0.0265216 0.0146738 0.0254825 0.0559918 0.0142042 0.0127251 0.0199921 0.0356647 0.0685979 0.0349109 0.0320641 0.0203449 0.0139544 0.0128638 0.0243443 0.0142994 0.0159531 0.0300324 0.0152169 0.0187305 0.0211736 0.0189342 0.0130123 0.0131413 0.0237597 0.0147496 0.0177364 0.0174828 0.0273048 0.0127466 0.0299441 0.0627657 0.0142394 0.0179051 0.0199679 0.0195340 0.0177801 0.0183813 0.0144891 0.0198101 0.0120150 0.0198097 0.0150831 0.0141112 0.0351547 0.0307957 0.0224000 0.0639817 0.0133428 0.0363857 0.0137382 0.0194179 0.0323804 0.0132843 0.0171052 0.0157205 0.0130918 0.0175016 0.0256107 0.0167871 0.0117845 0.0128471 0.0127268 0.0628978 0.0149485 0.0623885 0.0194289 0.0380037 0.0135487 0.0135306 0.0191543 0.0125516 0.0311830 0.0702882 0.0165471 0.0145189 0.0289168 0.0179235 0.0318771 0.0188986 0.0156601 0.0153380 0.0150559 0.0176098 0.0218773 0.0182337 0.0192538 0.0164555 0.0157151 0.0085018 0.0143878 0.0211130 0.0183388 0.0219194 0.0165361 0.0199685 0.0203903 0.0151604 0.0172558 0.0156554 0.0187067 0.0195414 0.0224772 0.0131951 0.0195365 0.0172106 0.0276571 0.0151083 0.0140343 0.0157640 0.0138800 0.0193136 0.0167680 0.0211292 0.0145147 0.0137048 0.0131963 0.0165999 0.0238483 0.0148118 0.0200957 0.0168988 0.0184527 0.0166933 0.0182607 0.0209144 0.0182763 0.0161221 0.0136343 0.0227069 0.0164159 0.0135600 0.0172329 0.0153186 0.0167992 0.0186029 0.0112028 0.0152298 0.0202066 0.0161737 0.0500818 0.0367022 0.0633959 0.0545993 0.0441152 0.0141876 0.0203751 0.0262211 0.0170543 0.0430439 0.0142265 0.0238099 0.0396942 0.0163853 0.0212218 0.0387255 0.0253948 0.0227927 0.0145157 0.0147351 0.0199201 0.0249700 0.0175217 0.0449276 0.0454017 0.0432118 0.0176602 0.0266735 0.0369806 0.0383084 
SRR1180030  0.0258231 0.0211746 0.0437625 0.0000000 0.0170677 0.0208636 0.0337061 0.0406677 0.0468571 0.0263615 0.0426496 0.0242462 0.0281042 0.0234572 0.0417854 0.0392996 0.0403560 0.0399176 0.0463323 0.0460472 0.0443766 0.0478694 0.0478068 0.0418462 0.0268417 0.0460909 0.0381355 0.0453667 0.0335033 0.0450686 0.0495096 0.0375414 0.0435743 0.0468855 0.0637625 0.0511978 0.0451080 0.0123276 0.0425167 0.0252247 0.0605763 0.0442017 0.0239318 0.0284538 0.0463045 0.0350715 0.0522149 0.0406055 0.0465025 0.0411140 0.0116880 0.0647860 0.0227873 0.0342282 0.0383773 0.0457348 0.0470973 0.0259865 0.0458485 0.0467098 0.0244570 0.0435920 0.0419315 0.0398022 0.0400620 0.0463136 0.0467079 0.0359938 0.0448851 0.0396483 0.0457499 0.0296453 0.0489996 0.0235452 0.0573569 0.0470137 0.0412838 0.0396637 0.0386048 0.0396579 0.0413704 0.0440838 0.0400178 0.0474348 0.0362562 0.0462377 0.0456973 0.0225577 0.0232933 0.0332886 0.0601909 0.0444526 0.0297734 0.0427838 0.0367668 0.0234854 0.0504516 0.0486027 0.0475015 0.0461991 0.0401042 0.0275743 0.0445078 0.0474018 0.0420993 0.0474432 0.0615907 0.0461726 0.0578916 0.0429493 0.0126162 0.0457056 0.0480771 0.0378708 0.0444069 0.0246521 0.0667847 0.0445649 0.0456727 0.0281131 0.0447483 0.0340348 0.0431679 0.0467036 0.0465809 0.0530564 0.0470303 0.0391749 0.0387801 0.0399163 0.0474873 0.0527161 0.0454442 0.0529567 0.0390447 0.0420912 0.0373692 0.0442666 0.0401222 0.0428718 0.0459981 0.0456437 0.0430599 0.0456840 0.0388259 0.0364277 0.0503100 0.0368827 0.0462658 0.0311381 0.0483244 0.0516771 0.0455477 0.0518494 0.0414227 0.0522963 0.0340684 0.0495690 0.0517244 0.0471610 0.0480608 0.0385529 0.0471051 0.0425944 0.0455039 0.0434576 0.0475093 0.0417148 0.0365575 0.0455667 0.0435069 0.0500118 0.0398502 0.0539150 0.0469922 0.0412381 0.0406285 0.0415025 0.0395694 0.0466696 0.0391746 0.0345383 0.0441676 0.0446214 0.0167045 0.0611765 0.0507793 0.0396138 0.0374080 0.0340985 0.0383342 0.0385336 0.0193748 0.0433860 0.0371349 0.0402819 0.0432289 0.0394645 0.0237344 0.0226363 0.0354735 0.0464654 0.0457032 0.0358025 0.0412127 0.0391367 0.0409701 0.0410761 0.0410324 0.0350668 0.0289231 0.0340432 0.0359548 
SRR1180035  0.0243296 0.0140958 0.0418600 0.0170677 0.0000000 0.0135208 0.0320450 0.0382005 0.0453194 0.0246215 0.0408735 0.0149429 0.0261312 0.0217575 0.0397765 0.0375667 0.0390216 0.0381210 0.0451171 0.0439887 0.0429644 0.0460545 0.0464129 0.0404199 0.0177897 0.0435409 0.0358539 0.0438840 0.0316073 0.0423728 0.0482697 0.0351081 0.0412126 0.0448140 0.0614059 0.0485433 0.0427795 0.0111140 0.0401986 0.0232953 0.0581432 0.0426599 0.0226784 0.0267686 0.0445087 0.0331467 0.0507569 0.0388400 0.0451118 0.0391215 0.0083188 0.0627733 0.0205846 0.0320165 0.0357210 0.0430850 0.0448826 0.0243878 0.0434154 0.0443978 0.0229009 0.0412810 0.0401818 0.0377544 0.0380765 0.0440265 0.0449079 0.0345427 0.0433429 0.0374237 0.0434485 0.0286244 0.0474877 0.0219979 0.0540555 0.0455494 0.0385560 0.0378358 0.0369446 0.0374403 0.0388851 0.0420493 0.0384416 0.0455443 0.0349506 0.0436787 0.0444655 0.0205773 0.0217399 0.0313939 0.0583413 0.0429194 0.0286172 0.0407567 0.0353721 0.0219274 0.0489761 0.0462659 0.0450041 0.0443954 0.0389798 0.0259690 0.0423896 0.0455234 0.0404358 0.0458852 0.0589754 0.0450415 0.0560439 0.0402921 0.0115236 0.0435808 0.0467538 0.0359113 0.0426501 0.0229481 0.0647468 0.0419626 0.0437252 0.0263660 0.0422234 0.0319111 0.0415416 0.0446565 0.0448792 0.0516197 0.0456798 0.0377491 0.0368119 0.0384073 0.0460014 0.0512866 0.0444960 0.0513336 0.0371812 0.0404123 0.0359132 0.0428174 0.0377816 0.0411561 0.0439893 0.0445365 0.0412058 0.0440528 0.0378508 0.0343998 0.0491407 0.0349645 0.0446875 0.0294203 0.0470845 0.0507603 0.0442401 0.0504208 0.0390161 0.0504131 0.0326179 0.0479224 0.0493830 0.0452751 0.0464231 0.0369925 0.0457182 0.0412307 0.0438414 0.0411106 0.0457773 0.0399726 0.0346089 0.0435123 0.0417276 0.0487340 0.0382847 0.0521218 0.0455289 0.0392285 0.0388254 0.0396802 0.0376651 0.0452801 0.0373657 0.0332058 0.0431274 0.0428236 0.0148087 0.0587340 0.0486329 0.0382344 0.0356306 0.0326771 0.0376314 0.0367504 0.0094002 0.0411938 0.0353390 0.0378472 0.0412051 0.0374243 0.0171388 0.0187373 0.0341046 0.0442252 0.0436453 0.0338720 0.0400161 0.0368377 0.0394044 0.0395080 0.0389061 0.0332348 0.0271753 0.0323941 0.0341989 
SRR5408841  0.0126288 0.0152157 0.0339231 0.0208636 0.0135208 0.0000000 0.0241359 0.0297786 0.0387042 0.0198058 0.0342501 0.0212370 0.0214028 0.0166439 0.0321602 0.0311656 0.0315071 0.0298596 0.0383364 0.0387437 0.0356071 0.0400765 0.0410766 0.0339728 0.0229678 0.0378792 0.0273226 0.0369321 0.0265981 0.0356994 0.0420311 0.0270968 0.0346963 0.0393794 0.0553029 0.0424016 0.0373500 0.0152979 0.0328744 0.0182293 0.0523951 0.0354009 0.0165299 0.0200888 0.0378466 0.0280211 0.0433872 0.0296333 0.0384043 0.0317675 0.0126474 0.0560964 0.0198626 0.0271399 0.0293093 0.0372097 0.0387825 0.0191203 0.0386388 0.0388774 0.0174633 0.0351614 0.0325740 0.0295227 0.0304476 0.0373660 0.0392142 0.0258112 0.0370763 0.0301173 0.0363368 0.0230826 0.0408731 0.0166762 0.0502458 0.0397411 0.0317066 0.0299301 0.0291622 0.0294309 0.0308014 0.0360216 0.0318068 0.0396611 0.0296126 0.0377639 0.0373304 0.0191165 0.0167794 0.0261573 0.0508602 0.0365979 0.0236376 0.0335578 0.0299537 0.0168010 0.0429776 0.0391687 0.0394481 0.0385539 0.0308233 0.0208026 0.0353996 0.0396860 0.0340469 0.0396815 0.0525718 0.0380340 0.0488065 0.0331787 0.0157831 0.0384868 0.0409355 0.0271327 0.0361567 0.0178744 0.0578727 0.0355662 0.0372833 0.0217134 0.0361230 0.0270519 0.0335297 0.0371474 0.0378634 0.0451592 0.0380164 0.0296473 0.0270522 0.0297071 0.0396050 0.0458819 0.0386727 0.0457165 0.0278326 0.0313785 0.0259086 0.0345360 0.0297973 0.0337560 0.0364375 0.0365228 0.0344511 0.0356785 0.0283736 0.0256634 0.0439863 0.0250883 0.0388601 0.0199729 0.0408402 0.0446595 0.0365378 0.0442169 0.0305593 0.0450206 0.0232789 0.0415919 0.0440779 0.0374077 0.0389815 0.0274489 0.0389833 0.0307593 0.0357031 0.0319218 0.0385745 0.0324444 0.0253644 0.0351378 0.0351598 0.0428539 0.0305584 0.0472309 0.0397384 0.0312307 0.0308841 0.0321337 0.0294806 0.0399082 0.0298330 0.0241599 0.0369080 0.0363500 0.0160015 0.0510942 0.0406747 0.0276598 0.0274982 0.0223725 0.0310399 0.0292909 0.0157983 0.0354152 0.0267541 0.0290708 0.0345311 0.0269388 0.0184704 0.0164138 0.0251528 0.0388558 0.0379545 0.0252625 0.0335353 0.0293020 0.0307502 0.0310063 0.0300249 0.0224843 0.0156427 0.0214545 0.0231939 
SRR5408824  0.0174279 0.0269555 0.0251250 0.0337061 0.0320450 0.0241359 0.0000000 0.0242855 0.0312422 0.0155303 0.0272102 0.0375234 0.0193515 0.0218283 0.0279299 0.0257355 0.0256900 0.0257850 0.0292205 0.0300316 0.0287210 0.0314090 0.0295972 0.0267775 0.0392352 0.0275462 0.0252529 0.0291225 0.0125252 0.0264730 0.0320824 0.0248952 0.0274793 0.0304119 0.0576883 0.0451915 0.0275747 0.0284134 0.0251582 0.0223357 0.0549165 0.0289003 0.0195214 0.0174596 0.0299859 0.0186424 0.0465971 0.0243013 0.0286722 0.0266374 0.0260223 0.0590928 0.0252504 0.0243608 0.0263792 0.0281515 0.0305128 0.0152191 0.0296750 0.0305721 0.0205231 0.0268294 0.0275375 0.0262613 0.0255973 0.0291523 0.0290296 0.0239338 0.0275883 0.0242146 0.0288903 0.0191514 0.0312932 0.0203185 0.0533030 0.0311483 0.0252965 0.0251818 0.0246456 0.0232152 0.0256633 0.0286555 0.0263887 0.0301259 0.0193497 0.0294342 0.0296812 0.0255630 0.0209636 0.0121762 0.0549197 0.0285035 0.0266864 0.0268608 0.0193239 0.0220668 0.0325467 0.0307212 0.0296923 0.0295902 0.0251395 0.0167920 0.0280550 0.0301555 0.0260899 0.0303483 0.0540472 0.0297500 0.0524378 0.0266048 0.0280110 0.0291258 0.0320300 0.0238349 0.0277992 0.0214742 0.0606485 0.0278185 0.0279641 0.0196506 0.0286168 0.0242047 0.0279408 0.0300486 0.0310660 0.0357019 0.0306330 0.0264934 0.0243998 0.0269574 0.0316589 0.0353852 0.0290187 0.0350501 0.0255079 0.0259376 0.0243620 0.0289420 0.0249672 0.0292113 0.0289753 0.0291925 0.0278538 0.0290272 0.0243148 0.0247442 0.0333586 0.0224911 0.0310273 0.0214620 0.0325460 0.0346589 0.0290751 0.0343978 0.0265923 0.0356622 0.0214885 0.0326333 0.0341488 0.0279249 0.0315692 0.0254177 0.0311397 0.0269168 0.0276571 0.0272484 0.0311847 0.0282042 0.0225789 0.0292186 0.0290532 0.0329051 0.0277880 0.0369165 0.0314714 0.0270220 0.0250568 0.0275846 0.0229247 0.0300374 0.0240196 0.0218881 0.0292055 0.0403834 0.0274819 0.0548110 0.0447597 0.0328916 0.0238304 0.0218082 0.0235014 0.0253605 0.0332070 0.0280579 0.0240672 0.0316110 0.0269055 0.0251188 0.0280561 0.0205181 0.0231033 0.0297722 0.0289655 0.0215049 0.0253610 0.0237025 0.0350260 0.0350781 0.0338086 0.0216637 0.0183935 0.0263472 0.0276016 
SRR7650470  0.0218159 0.0319366 0.0195513 0.0406677 0.0382005 0.0297786 0.0242855 0.0000000 0.0197774 0.0222604 0.0142266 0.0435903 0.0266125 0.0270501 0.0176321 0.0138570 0.0171941 0.0148080 0.0187549 0.0161807 0.0164836 0.0194995 0.0182352 0.0171917 0.0447307 0.0144475 0.0164090 0.0191632 0.0233380 0.0128170 0.0199913 0.0195114 0.0158308 0.0164612 0.0651426 0.0518102 0.0152503 0.0342235 0.0131037 0.0278511 0.0613459 0.0176537 0.0254745 0.0234390 0.0185864 0.0245860 0.0522991 0.0158959 0.0168980 0.0116797 0.0325191 0.0654055 0.0311877 0.0303496 0.0159638 0.0164638 0.0188592 0.0213558 0.0169471 0.0175795 0.0263215 0.0145686 0.0164549 0.0154245 0.0140493 0.0177805 0.0182661 0.0152668 0.0173073 0.0130485 0.0187859 0.0252615 0.0192454 0.0261751 0.0598650 0.0198413 0.0127510 0.0134706 0.0121045 0.0170186 0.0152255 0.0177343 0.0142503 0.0178459 0.0193761 0.0163142 0.0172069 0.0313620 0.0259933 0.0235038 0.0610312 0.0182293 0.0319989 0.0170286 0.0194223 0.0271393 0.0206301 0.0166411 0.0169353 0.0169759 0.0149444 0.0236459 0.0165521 0.0197295 0.0143933 0.0179109 0.0613441 0.0179207 0.0584346 0.0146821 0.0346595 0.0169967 0.0209366 0.0143666 0.0156909 0.0271462 0.0682935 0.0167136 0.0168257 0.0268632 0.0155255 0.0302472 0.0171150 0.0228185 0.0236036 0.0239755 0.0245871 0.0221152 0.0202759 0.0217823 0.0219686 0.0241830 0.0175703 0.0231400 0.0208153 0.0197431 0.0234189 0.0184780 0.0206589 0.0228386 0.0207114 0.0227900 0.0200414 0.0201379 0.0214474 0.0216413 0.0223013 0.0206884 0.0218272 0.0207854 0.0222199 0.0240898 0.0232882 0.0230435 0.0193130 0.0247806 0.0214452 0.0230151 0.0229967 0.0204461 0.0228891 0.0225726 0.0205155 0.0219625 0.0222800 0.0184720 0.0229068 0.0199887 0.0229362 0.0210485 0.0220431 0.0216570 0.0217845 0.0254738 0.0209084 0.0183258 0.0215111 0.0189045 0.0191867 0.0183640 0.0172453 0.0228109 0.0179909 0.0465104 0.0334021 0.0621030 0.0525257 0.0394928 0.0171573 0.0215358 0.0250038 0.0216300 0.0392543 0.0154293 0.0187351 0.0370873 0.0185418 0.0219453 0.0336763 0.0211299 0.0202487 0.0169494 0.0161543 0.0168018 0.0257736 0.0161169 0.0413444 0.0411193 0.0407278 0.0192421 0.0194914 0.0310952 0.0342396 
SRR7647897  0.0338834 0.0403656 0.0135073 0.0468571 0.0453194 0.0387042 0.0312422 0.0197774 0.0000000 0.0267605 0.0144462 0.0511365 0.0316497 0.0345528 0.0207817 0.0168408 0.0161783 0.0145250 0.0093720 0.0152190 0.0137263 0.0123039 0.0101684 0.0157365 0.0520616 0.0152318 0.0254139 0.0141390 0.0246745 0.0163801 0.0103689 0.0241919 0.0184116 0.0152641 0.0713896 0.0584545 0.0150763 0.0408777 0.0149458 0.0355125 0.0679074 0.0115268 0.0326628 0.0293302 0.0141441 0.0268148 0.0593785 0.0188445 0.0099751 0.0196533 0.0393430 0.0723768 0.0387475 0.0344390 0.0177690 0.0130243 0.0101626 0.0267763 0.0136524 0.0158576 0.0343727 0.0154001 0.0169048 0.0218276 0.0161365 0.0108715 0.0127728 0.0234299 0.0122011 0.0191177 0.0191026 0.0310736 0.0120564 0.0332732 0.0662868 0.0120161 0.0160557 0.0195238 0.0204797 0.0198681 0.0184435 0.0121734 0.0205432 0.0109387 0.0191579 0.0145187 0.0113279 0.0375429 0.0341173 0.0239267 0.0674893 0.0140211 0.0387880 0.0138802 0.0198760 0.0350374 0.0122061 0.0176240 0.0161814 0.0120419 0.0186519 0.0284654 0.0148785 0.0103013 0.0128707 0.0114298 0.0678195 0.0099071 0.0653507 0.0195405 0.0416812 0.0135560 0.0110501 0.0195856 0.0130798 0.0343699 0.0757407 0.0174564 0.0130815 0.0312320 0.0183708 0.0343206 0.0163854 0.0165772 0.0147196 0.0146199 0.0185853 0.0227695 0.0236860 0.0226187 0.0168002 0.0139636 0.0085772 0.0142953 0.0237365 0.0183352 0.0249118 0.0162116 0.0195349 0.0185783 0.0166532 0.0199386 0.0172598 0.0188260 0.0215305 0.0256467 0.0109220 0.0226044 0.0167677 0.0280772 0.0123730 0.0145697 0.0162528 0.0146567 0.0206691 0.0168185 0.0243626 0.0151549 0.0138263 0.0155610 0.0164404 0.0252638 0.0150085 0.0223273 0.0174710 0.0189866 0.0173182 0.0186605 0.0234559 0.0187218 0.0164342 0.0143552 0.0239657 0.0161892 0.0124915 0.0201481 0.0205691 0.0190536 0.0199933 0.0096490 0.0196144 0.0256112 0.0160665 0.0540412 0.0402566 0.0681703 0.0585763 0.0485558 0.0173500 0.0270084 0.0288194 0.0221427 0.0457891 0.0144606 0.0243507 0.0450110 0.0176591 0.0268577 0.0432330 0.0297386 0.0250738 0.0145308 0.0146782 0.0219925 0.0281842 0.0173330 0.0491242 0.0488438 0.0488854 0.0257804 0.0310296 0.0417181 0.0436351 
SRR8200518  0.0149704 0.0209070 0.0242725 0.0263615 0.0246215 0.0198058 0.0155303 0.0222604 0.0267605 0.0000000 0.0232636 0.0306719 0.0093413 0.0143890 0.0234047 0.0212950 0.0211907 0.0215277 0.0259696 0.0244417 0.0246793 0.0255305 0.0257265 0.0229488 0.0322613 0.0246744 0.0207276 0.0260065 0.0118390 0.0242624 0.0272538 0.0216230 0.0243434 0.0252575 0.0514852 0.0394011 0.0238602 0.0204580 0.0229421 0.0141508 0.0481915 0.0244147 0.0126906 0.0091797 0.0262859 0.0134864 0.0410593 0.0220045 0.0253624 0.0223545 0.0182342 0.0522588 0.0189131 0.0128973 0.0208549 0.0232456 0.0261387 0.0016041 0.0241277 0.0252169 0.0129452 0.0239327 0.0223592 0.0230565 0.0204947 0.0245392 0.0251273 0.0198495 0.0248046 0.0212384 0.0262912 0.0091861 0.0279677 0.0120488 0.0479576 0.0261808 0.0224409 0.0228534 0.0218829 0.0220678 0.0230849 0.0242591 0.0216405 0.0253719 0.0149510 0.0249112 0.0258645 0.0183239 0.0146607 0.0116327 0.0492897 0.0244108 0.0192898 0.0231628 0.0152176 0.0148976 0.0282784 0.0271360 0.0261844 0.0248595 0.0219250 0.0049864 0.0236788 0.0254080 0.0233952 0.0261436 0.0493185 0.0253783 0.0460550 0.0241543 0.0202936 0.0243047 0.0267828 0.0203930 0.0247911 0.0131417 0.0550554 0.0240803 0.0250434 0.0092717 0.0246834 0.0127933 0.0247009 0.0278002 0.0267885 0.0305933 0.0272200 0.0226316 0.0219523 0.0238868 0.0279107 0.0305550 0.0237902 0.0299378 0.0215766 0.0245613 0.0219817 0.0255452 0.0221531 0.0244868 0.0265099 0.0264190 0.0236863 0.0254629 0.0228015 0.0212084 0.0284554 0.0200552 0.0266603 0.0172866 0.0285122 0.0296321 0.0259833 0.0294589 0.0235555 0.0308463 0.0193794 0.0281407 0.0296062 0.0272502 0.0282029 0.0230589 0.0272345 0.0240369 0.0258485 0.0247320 0.0273806 0.0240106 0.0203678 0.0262006 0.0246291 0.0285456 0.0246650 0.0321222 0.0269374 0.0233968 0.0222127 0.0223443 0.0211589 0.0250662 0.0204324 0.0203411 0.0248169 0.0340175 0.0194229 0.0488075 0.0391187 0.0294022 0.0194491 0.0189818 0.0200718 0.0214350 0.0253408 0.0226360 0.0202505 0.0280090 0.0234148 0.0222378 0.0232988 0.0158706 0.0202567 0.0245182 0.0239926 0.0196552 0.0217467 0.0194443 0.0302087 0.0303950 0.0296753 0.0207896 0.0167258 0.0229108 0.0245742 
SRR7648241  0.0276365 0.0350737 0.0160847 0.0426496 0.0408735 0.0342501 0.0272102 0.0142266 0.0144462 0.0232636 0.0000000 0.0461738 0.0282828 0.0300216 0.0178535 0.0130858 0.0144475 0.0090547 0.0131607 0.0131456 0.0095462 0.0139632 0.0122496 0.0117294 0.0473440 0.0127950 0.0170343 0.0141712 0.0225173 0.0143873 0.0140421 0.0202282 0.0151306 0.0142934 0.0660130 0.0537757 0.0125967 0.0366834 0.0156164 0.0305177 0.0623694 0.0139841 0.0282531 0.0266715 0.0135736 0.0243649 0.0534772 0.0175919 0.0119232 0.0128679 0.0347091 0.0667566 0.0341697 0.0309765 0.0148857 0.0135742 0.0118512 0.0223567 0.0133439 0.0137482 0.0289541 0.0136950 0.0139666 0.0177583 0.0090608 0.0133665 0.0128446 0.0177657 0.0120568 0.0123095 0.0189139 0.0273120 0.0126563 0.0286494 0.0609548 0.0137712 0.0103239 0.0146781 0.0128753 0.0165819 0.0136915 0.0112853 0.0159797 0.0124220 0.0175119 0.0134273 0.0113462 0.0333615 0.0288551 0.0226842 0.0623116 0.0152603 0.0348077 0.0102144 0.0182228 0.0299589 0.0145043 0.0144676 0.0134700 0.0104113 0.0156757 0.0248881 0.0145762 0.0133508 0.0120493 0.0123201 0.0636032 0.0123352 0.0594242 0.0150088 0.0368760 0.0127455 0.0139875 0.0156047 0.0121956 0.0296174 0.0697675 0.0137688 0.0127746 0.0283562 0.0125164 0.0308047 0.0158795 0.0167138 0.0169168 0.0182046 0.0205945 0.0188125 0.0206045 0.0188083 0.0154310 0.0184056 0.0116675 0.0170783 0.0196032 0.0197529 0.0219061 0.0143690 0.0168697 0.0176462 0.0171379 0.0179410 0.0162712 0.0169830 0.0195645 0.0204703 0.0156363 0.0184109 0.0157208 0.0228446 0.0161765 0.0179588 0.0185766 0.0166129 0.0162813 0.0186557 0.0212312 0.0172661 0.0171730 0.0161801 0.0189238 0.0215941 0.0154882 0.0209508 0.0168501 0.0152823 0.0193967 0.0152653 0.0202867 0.0178036 0.0165848 0.0154271 0.0181335 0.0196621 0.0155028 0.0154740 0.0205308 0.0165158 0.0200246 0.0116773 0.0170551 0.0227938 0.0181324 0.0487361 0.0358462 0.0632783 0.0538239 0.0421023 0.0127459 0.0240552 0.0247579 0.0195221 0.0417293 0.0131438 0.0187702 0.0408081 0.0166002 0.0247631 0.0382704 0.0237210 0.0214446 0.0137843 0.0132169 0.0229248 0.0256774 0.0162060 0.0438767 0.0428795 0.0443509 0.0199401 0.0250946 0.0357331 0.0379321 
SRR7648165  0.0293372 0.0160632 0.0472454 0.0242462 0.0149429 0.0212370 0.0375234 0.0435903 0.0511365 0.0306719 0.0461738 0.0000000 0.0324646 0.0270139 0.0442037 0.0424226 0.0441813 0.0434160 0.0499054 0.0500675 0.0481085 0.0514935 0.0515904 0.0453711 0.0213006 0.0491666 0.0405824 0.0487933 0.0379900 0.0478790 0.0536023 0.0399001 0.0466735 0.0508400 0.0658312 0.0542393 0.0485992 0.0175559 0.0456948 0.0284226 0.0633600 0.0476443 0.0277231 0.0314568 0.0493751 0.0393506 0.0545618 0.0437313 0.0507828 0.0442635 0.0152762 0.0677114 0.0255513 0.0377696 0.0414409 0.0493741 0.0502560 0.0299686 0.0495861 0.0500023 0.0278047 0.0467241 0.0455197 0.0429320 0.0434200 0.0499594 0.0507353 0.0392373 0.0483720 0.0428620 0.0485809 0.0337516 0.0525366 0.0273334 0.0593975 0.0517110 0.0441994 0.0426105 0.0415404 0.0425381 0.0446094 0.0474400 0.0437380 0.0510584 0.0411432 0.0500157 0.0495402 0.0258535 0.0262902 0.0376744 0.0630962 0.0484093 0.0339816 0.0455417 0.0414883 0.0270323 0.0549875 0.0505427 0.0509203 0.0495677 0.0435738 0.0313439 0.0482712 0.0516139 0.0451053 0.0516301 0.0637430 0.0509128 0.0607879 0.0457486 0.0186092 0.0497878 0.0522491 0.0409540 0.0480986 0.0286349 0.0694270 0.0474456 0.0495069 0.0325690 0.0471498 0.0376464 0.0460804 0.0499825 0.0508123 0.0572517 0.0512063 0.0429413 0.0422955 0.0431855 0.0509095 0.0569835 0.0500627 0.0563643 0.0422995 0.0459531 0.0415215 0.0475208 0.0434235 0.0464545 0.0488950 0.0500351 0.0461668 0.0490466 0.0429517 0.0399758 0.0553705 0.0397193 0.0506796 0.0341927 0.0525752 0.0559916 0.0493877 0.0561667 0.0444965 0.0562560 0.0374907 0.0536173 0.0555572 0.0506981 0.0516944 0.0422556 0.0510415 0.0460328 0.0490637 0.0468468 0.0511509 0.0450709 0.0392197 0.0493355 0.0480520 0.0543785 0.0436557 0.0583424 0.0507037 0.0436950 0.0444380 0.0454111 0.0427688 0.0511189 0.0429543 0.0384770 0.0481220 0.0481093 0.0213272 0.0640745 0.0539878 0.0429445 0.0412138 0.0388434 0.0429548 0.0424799 0.0135285 0.0476383 0.0403085 0.0437865 0.0467673 0.0432433 0.0216862 0.0239572 0.0394320 0.0505185 0.0499172 0.0393486 0.0452305 0.0429313 0.0444769 0.0450006 0.0440194 0.0384580 0.0324168 0.0377210 0.0389414 
SRR7649449  0.0163752 0.0225180 0.0290905 0.0281042 0.0261312 0.0214028 0.0193515 0.0266125 0.0316497 0.0093413 0.0282828 0.0324646 0.0000000 0.0157323 0.0274878 0.0259346 0.0255321 0.0262370 0.0308523 0.0294788 0.0292428 0.0304472 0.0311318 0.0270986 0.0342384 0.0294079 0.0245176 0.0307738 0.0165913 0.0285319 0.0328473 0.0249052 0.0288320 0.0303160 0.0526953 0.0401425 0.0288840 0.0224413 0.0277045 0.0160988 0.0494493 0.0287450 0.0139317 0.0132935 0.0316200 0.0185197 0.0423459 0.0263633 0.0304404 0.0267209 0.0202647 0.0537193 0.0211775 0.0174083 0.0249469 0.0286555 0.0309924 0.0092939 0.0296381 0.0301329 0.0147721 0.0282025 0.0268758 0.0259127 0.0253629 0.0297406 0.0302549 0.0231447 0.0294687 0.0250410 0.0304501 0.0135874 0.0331384 0.0137854 0.0487639 0.0314408 0.0265072 0.0260804 0.0261680 0.0263469 0.0273222 0.0294566 0.0255989 0.0305985 0.0197367 0.0298971 0.0304100 0.0206514 0.0160056 0.0165353 0.0504694 0.0288297 0.0205347 0.0275537 0.0200725 0.0162511 0.0336797 0.0321039 0.0312120 0.0301753 0.0262090 0.0117581 0.0283722 0.0311097 0.0276375 0.0313325 0.0512023 0.0303034 0.0472006 0.0280340 0.0222197 0.0295774 0.0320754 0.0242499 0.0298534 0.0149654 0.0560883 0.0289517 0.0296267 0.0009349 0.0290327 0.0172084 0.0286666 0.0316854 0.0317523 0.0365421 0.0320101 0.0259984 0.0251705 0.0270629 0.0326017 0.0362605 0.0288896 0.0353909 0.0254087 0.0285007 0.0246617 0.0300587 0.0260496 0.0289145 0.0304601 0.0306496 0.0279260 0.0302396 0.0263916 0.0244040 0.0340945 0.0230740 0.0312313 0.0201773 0.0329620 0.0348379 0.0303412 0.0347505 0.0275033 0.0357691 0.0225303 0.0330776 0.0349594 0.0318061 0.0331070 0.0250742 0.0321980 0.0279030 0.0305346 0.0284604 0.0319843 0.0283492 0.0237738 0.0306706 0.0283799 0.0337788 0.0273731 0.0378729 0.0316720 0.0276516 0.0265610 0.0267155 0.0253528 0.0302028 0.0244785 0.0233084 0.0295351 0.0346731 0.0210984 0.0500085 0.0409571 0.0311086 0.0229087 0.0224536 0.0239310 0.0248871 0.0273918 0.0277951 0.0232133 0.0292477 0.0280604 0.0257159 0.0248658 0.0181710 0.0232804 0.0299069 0.0291849 0.0231904 0.0260349 0.0240429 0.0315179 0.0315534 0.0309268 0.0243633 0.0185914 0.0246217 0.0259906 
SRR7648582  0.0123855 0.0172652 0.0320449 0.0234572 0.0217575 0.0166439 0.0218283 0.0270501 0.0345528 0.0143890 0.0300216 0.0270139 0.0157323 0.0000000 0.0279315 0.0275270 0.0267483 0.0265843 0.0331843 0.0335839 0.0309961 0.0349488 0.0358475 0.0299230 0.0284347 0.0332067 0.0238732 0.0320624 0.0216215 0.0314605 0.0374616 0.0238150 0.0308155 0.0342861 0.0509593 0.0383749 0.0329118 0.0171195 0.0293183 0.0130001 0.0478426 0.0307249 0.0111212 0.0161260 0.0335758 0.0228506 0.0387248 0.0280189 0.0339508 0.0274542 0.0152242 0.0518736 0.0166763 0.0220874 0.0255838 0.0331294 0.0341711 0.0137875 0.0337657 0.0338555 0.0116897 0.0312350 0.0289841 0.0268701 0.0266888 0.0331027 0.0341746 0.0231899 0.0322405 0.0266734 0.0334148 0.0176734 0.0363590 0.0110465 0.0460201 0.0343191 0.0274520 0.0266549 0.0257489 0.0260189 0.0280501 0.0308873 0.0269550 0.0347847 0.0238672 0.0338701 0.0325821 0.0157352 0.0015329 0.0212610 0.0477143 0.0322067 0.0176989 0.0295253 0.0243635 0.0028887 0.0377272 0.0346835 0.0348898 0.0336010 0.0272350 0.0155029 0.0316173 0.0345573 0.0297644 0.0352167 0.0485049 0.0330350 0.0450402 0.0290656 0.0175416 0.0340983 0.0361707 0.0242039 0.0319353 0.0121306 0.0540014 0.0307989 0.0329808 0.0157405 0.0312408 0.0219429 0.0294149 0.0336122 0.0340838 0.0406588 0.0345078 0.0267760 0.0256582 0.0275563 0.0348269 0.0398883 0.0336693 0.0403046 0.0255980 0.0292038 0.0240022 0.0311909 0.0267782 0.0285534 0.0330817 0.0336040 0.0302641 0.0322337 0.0259865 0.0234458 0.0384729 0.0233287 0.0340309 0.0177046 0.0361898 0.0394095 0.0333660 0.0393039 0.0277405 0.0404289 0.0218913 0.0371164 0.0400823 0.0341347 0.0358427 0.0251243 0.0348642 0.0284905 0.0326004 0.0294979 0.0344003 0.0293825 0.0230657 0.0316514 0.0311163 0.0383083 0.0270741 0.0421160 0.0346373 0.0282955 0.0281875 0.0293881 0.0265105 0.0345587 0.0269009 0.0216275 0.0320965 0.0316676 0.0161819 0.0481209 0.0384102 0.0274266 0.0248531 0.0216556 0.0265188 0.0264094 0.0221419 0.0311642 0.0236796 0.0268185 0.0305608 0.0257558 0.0202695 0.0149898 0.0232302 0.0339886 0.0331231 0.0225487 0.0287471 0.0256506 0.0287922 0.0285716 0.0287187 0.0217641 0.0149041 0.0205908 0.0228700 
SRR7650511  0.0246812 0.0340144 0.0198047 0.0417854 0.0397765 0.0321602 0.0279299 0.0176321 0.0207817 0.0234047 0.0178535 0.0442037 0.0274878 0.0279315 0.0000000 0.0154593 0.0153852 0.0155186 0.0185201 0.0185031 0.0193119 0.0203149 0.0192504 0.0166073 0.0463990 0.0168827 0.0124561 0.0207889 0.0245411 0.0155841 0.0214661 0.0130842 0.0170487 0.0187826 0.0654519 0.0518225 0.0163114 0.0352991 0.0148672 0.0290371 0.0615205 0.0215028 0.0266311 0.0243581 0.0207565 0.0258677 0.0523348 0.0185248 0.0187851 0.0161080 0.0334233 0.0660690 0.0322216 0.0316490 0.0173971 0.0183514 0.0198709 0.0231669 0.0180241 0.0118965 0.0272517 0.0144697 0.0184714 0.0147383 0.0196957 0.0188700 0.0187699 0.0187084 0.0198111 0.0141206 0.0108670 0.0266590 0.0195396 0.0270988 0.0601892 0.0210743 0.0167586 0.0159744 0.0168430 0.0135171 0.0173876 0.0171981 0.0153959 0.0188681 0.0202616 0.0177532 0.0179350 0.0320753 0.0269397 0.0242454 0.0606919 0.0179067 0.0331337 0.0186363 0.0205335 0.0280837 0.0222595 0.0131842 0.0179382 0.0173889 0.0153772 0.0239567 0.0183678 0.0204598 0.0150219 0.0196724 0.0610580 0.0205468 0.0580497 0.0122356 0.0359685 0.0173358 0.0210887 0.0165554 0.0169933 0.0279169 0.0688092 0.0159079 0.0185852 0.0273482 0.0104784 0.0314653 0.0225485 0.0224541 0.0220598 0.0249027 0.0225279 0.0227659 0.0199297 0.0195045 0.0237612 0.0249287 0.0183024 0.0238773 0.0199709 0.0205909 0.0209921 0.0196637 0.0200320 0.0204086 0.0209061 0.0242963 0.0195969 0.0196039 0.0229086 0.0222686 0.0233330 0.0208057 0.0224322 0.0232852 0.0220553 0.0251390 0.0226809 0.0236572 0.0193763 0.0245395 0.0234972 0.0233339 0.0234404 0.0220212 0.0229688 0.0210696 0.0210271 0.0234064 0.0213466 0.0208096 0.0225894 0.0199360 0.0229925 0.0231016 0.0219325 0.0225393 0.0213189 0.0264451 0.0200751 0.0198078 0.0230424 0.0213711 0.0188864 0.0189350 0.0175827 0.0229340 0.0209258 0.0467435 0.0343899 0.0626385 0.0520519 0.0413070 0.0193013 0.0223957 0.0241272 0.0204594 0.0401957 0.0167971 0.0215460 0.0393791 0.0175110 0.0266578 0.0348284 0.0204966 0.0219243 0.0175048 0.0172192 0.0186753 0.0248840 0.0158800 0.0423278 0.0417779 0.0412929 0.0217388 0.0241985 0.0337816 0.0352451 
SRR7650407  0.0237743 0.0331984 0.0165048 0.0392996 0.0375667 0.0311656 0.0257355 0.0138570 0.0168408 0.0212950 0.0130858 0.0424226 0.0259346 0.0275270 0.0154593 0.0000000 0.0124608 0.0131490 0.0157778 0.0153833 0.0152470 0.0165007 0.0141259 0.0121771 0.0448373 0.0137246 0.0190357 0.0186130 0.0222257 0.0129535 0.0164302 0.0178114 0.0147485 0.0159543 0.0630188 0.0495972 0.0129636 0.0332836 0.0131613 0.0277786 0.0594206 0.0180372 0.0255648 0.0239641 0.0174954 0.0246564 0.0513087 0.0143153 0.0151686 0.0136651 0.0313615 0.0634446 0.0301887 0.0293434 0.0156822 0.0144402 0.0164726 0.0205464 0.0150629 0.0161986 0.0263240 0.0130670 0.0180333 0.0157267 0.0151367 0.0141651 0.0153802 0.0160539 0.0161466 0.0144889 0.0160822 0.0244295 0.0161230 0.0262501 0.0588046 0.0175484 0.0143110 0.0142645 0.0156095 0.0178123 0.0163618 0.0156210 0.0135492 0.0143073 0.0183234 0.0140627 0.0171956 0.0304379 0.0263972 0.0220767 0.0596362 0.0126782 0.0320063 0.0166727 0.0182268 0.0276096 0.0174855 0.0175785 0.0154857 0.0141514 0.0145961 0.0223719 0.0174125 0.0156607 0.0122060 0.0147737 0.0597196 0.0173255 0.0572699 0.0170519 0.0337229 0.0149021 0.0165375 0.0163830 0.0138317 0.0270632 0.0667027 0.0133375 0.0147172 0.0257148 0.0161756 0.0291694 0.0193168 0.0203056 0.0186821 0.0200360 0.0197633 0.0192861 0.0175554 0.0181267 0.0187656 0.0204624 0.0135719 0.0189137 0.0198015 0.0200090 0.0218070 0.0158787 0.0194181 0.0196232 0.0185882 0.0195400 0.0164888 0.0180843 0.0199301 0.0212066 0.0177405 0.0215105 0.0186015 0.0212919 0.0193261 0.0194209 0.0203451 0.0183668 0.0196528 0.0208189 0.0186709 0.0193200 0.0190737 0.0165893 0.0190521 0.0211872 0.0181135 0.0226977 0.0194048 0.0186372 0.0206007 0.0173654 0.0199452 0.0188385 0.0196189 0.0182018 0.0208828 0.0210625 0.0168103 0.0186314 0.0179231 0.0132587 0.0200711 0.0146878 0.0172522 0.0188295 0.0166507 0.0454952 0.0326292 0.0604633 0.0516753 0.0404286 0.0183019 0.0182833 0.0220845 0.0163589 0.0382918 0.0132047 0.0194067 0.0371051 0.0158524 0.0252314 0.0329336 0.0184784 0.0181105 0.0146355 0.0139215 0.0176930 0.0240286 0.0165479 0.0404321 0.0405519 0.0397184 0.0207982 0.0235287 0.0322205 0.0341534 
SRR7650386  0.0235393 0.0347141 0.0151315 0.0403560 0.0390216 0.0315071 0.0256900 0.0171941 0.0161783 0.0211907 0.0144475 0.0441813 0.0255321 0.0267483 0.0153852 0.0124608 0.0000000 0.0126575 0.0157096 0.0150241 0.0175006 0.0148932 0.0136831 0.0126660 0.0450273 0.0140118 0.0183941 0.0192806 0.0225943 0.0142379 0.0167862 0.0190939 0.0170675 0.0158071 0.0633147 0.0503113 0.0133156 0.0345533 0.0145287 0.0282374 0.0598075 0.0164331 0.0264684 0.0243314 0.0182976 0.0245842 0.0512872 0.0138276 0.0157296 0.0156099 0.0325312 0.0641162 0.0315775 0.0285606 0.0150313 0.0144419 0.0167480 0.0211897 0.0148457 0.0155467 0.0266836 0.0137054 0.0186256 0.0184310 0.0179996 0.0134431 0.0149981 0.0174146 0.0162306 0.0162933 0.0160362 0.0246479 0.0167099 0.0263756 0.0584316 0.0155008 0.0146066 0.0166443 0.0175143 0.0187897 0.0162608 0.0155287 0.0121150 0.0135019 0.0181932 0.0147938 0.0169066 0.0317556 0.0258500 0.0226025 0.0596991 0.0125946 0.0320163 0.0170314 0.0186734 0.0276861 0.0173146 0.0175105 0.0149103 0.0120033 0.0151034 0.0228740 0.0171302 0.0144906 0.0124908 0.0154863 0.0604026 0.0164383 0.0575990 0.0181424 0.0350655 0.0151138 0.0160112 0.0164016 0.0144719 0.0271970 0.0662123 0.0128976 0.0136413 0.0254686 0.0153835 0.0283894 0.0190371 0.0189003 0.0175676 0.0192066 0.0215436 0.0189963 0.0194201 0.0187260 0.0204957 0.0199028 0.0129083 0.0179981 0.0202861 0.0174515 0.0202177 0.0174066 0.0199715 0.0176971 0.0189542 0.0215310 0.0164171 0.0161683 0.0223199 0.0201921 0.0171476 0.0192714 0.0191793 0.0207236 0.0173982 0.0183559 0.0186170 0.0181355 0.0199487 0.0195198 0.0208680 0.0196213 0.0185986 0.0186330 0.0183320 0.0194001 0.0169870 0.0196870 0.0178434 0.0193062 0.0189336 0.0186353 0.0175721 0.0192154 0.0200978 0.0175350 0.0206431 0.0210872 0.0165110 0.0164625 0.0157880 0.0137126 0.0183772 0.0133156 0.0139380 0.0185544 0.0172105 0.0455262 0.0331784 0.0598931 0.0509565 0.0398131 0.0188243 0.0190779 0.0229270 0.0157784 0.0397581 0.0131307 0.0204570 0.0371028 0.0143300 0.0225292 0.0352217 0.0211149 0.0188576 0.0150602 0.0142739 0.0182162 0.0237453 0.0166231 0.0401430 0.0404378 0.0403634 0.0198713 0.0232080 0.0327868 0.0343369 
SRR7650655  0.0232420 0.0313139 0.0170925 0.0399176 0.0381210 0.0298596 0.0257850 0.0148080 0.0145250 0.0215277 0.0090547 0.0434160 0.0262370 0.0265843 0.0155186 0.0131490 0.0126575 0.0000000 0.0144701 0.0150351 0.0110559 0.0148337 0.0139073 0.0088077 0.0444867 0.0139477 0.0161826 0.0153433 0.0221943 0.0145215 0.0162836 0.0150162 0.0139678 0.0158210 0.0645865 0.0512547 0.0133256 0.0336805 0.0123233 0.0277818 0.0607217 0.0140614 0.0253180 0.0233855 0.0143098 0.0239599 0.0515198 0.0162568 0.0135114 0.0140255 0.0319778 0.0649441 0.0307969 0.0289829 0.0131635 0.0143813 0.0134420 0.0209197 0.0149958 0.0155483 0.0261541 0.0133550 0.0142856 0.0173154 0.0084012 0.0126010 0.0145774 0.0147592 0.0133679 0.0136856 0.0173268 0.0250467 0.0150460 0.0257778 0.0586865 0.0139943 0.0105598 0.0138278 0.0127498 0.0143592 0.0118587 0.0124581 0.0161204 0.0139396 0.0180287 0.0149491 0.0128679 0.0305784 0.0253134 0.0219904 0.0599720 0.0129485 0.0316914 0.0125721 0.0188107 0.0267524 0.0163141 0.0160753 0.0147037 0.0116512 0.0141560 0.0222269 0.0139533 0.0142919 0.0114223 0.0139848 0.0607933 0.0133593 0.0570939 0.0159671 0.0342676 0.0141927 0.0155805 0.0138139 0.0118621 0.0267443 0.0679419 0.0130487 0.0126591 0.0264928 0.0129542 0.0288077 0.0161930 0.0164198 0.0174206 0.0198782 0.0206324 0.0170220 0.0166397 0.0186408 0.0174102 0.0200161 0.0138536 0.0190490 0.0162786 0.0166511 0.0187783 0.0137274 0.0164333 0.0151111 0.0174908 0.0179192 0.0161292 0.0167517 0.0165524 0.0179484 0.0178116 0.0148734 0.0174150 0.0194629 0.0167620 0.0191187 0.0181955 0.0188121 0.0155655 0.0204411 0.0194338 0.0187929 0.0192144 0.0164579 0.0182552 0.0183897 0.0162021 0.0173921 0.0155923 0.0157297 0.0185909 0.0144791 0.0194635 0.0160757 0.0168856 0.0179106 0.0159767 0.0215606 0.0165132 0.0157798 0.0193833 0.0163377 0.0167181 0.0134659 0.0167405 0.0211162 0.0194891 0.0458317 0.0327795 0.0612327 0.0510890 0.0395379 0.0141854 0.0206989 0.0225185 0.0183053 0.0386144 0.0143460 0.0161158 0.0375425 0.0149847 0.0262583 0.0346255 0.0215699 0.0193239 0.0149989 0.0142122 0.0206387 0.0241656 0.0148920 0.0408307 0.0400430 0.0411705 0.0176219 0.0219590 0.0324532 0.0339043 
