mutation,alt_reads,ref_reads,type,app,allele_frequency,sample_exist'
C_88_T,1265,0,snp,freebayes,1.0,167
T_110_C,1267,0,snp,freebayes,1.0,215
A_137_G,1251,1,snp,freebayes,0.9992012779552716,219
T_144_C,1231,0,snp,freebayes,1.0,218
T_206_G,250,0,snp,freebayes,1.0,144
A_218_T,326,0,snp,freebayes,1.0,151
G_227_A,855,0,snp,freebayes,1.0,85
G_233_T,867,0,snp,freebayes,1.0,203
T_278_A,937,0,snp,freebayes,1.0,35
G_344_A,886,1,snp,freebayes,0.9988726042841037,212
CC_439_CA,184,0,snp,freebayes,1.0,13
T_521_C,288,0,snp,freebayes,1.0,168
C_557_T,272,0,snp,freebayes,1.0,27
G_580_A,219,0,snp,freebayes,1.0,50
C_648_T,5580,3,snp,freebayes,0.999462654486835,231
G_690_A,5705,2,snp,freebayes,0.9996495531803049,94
T_768_C,4679,6,snp,freebayes,0.9987193169690501,234
C_810_T,4286,3,snp,freebayes,0.9993005362555374,216
G_846_A,415,0,snp,freebayes,1.0,15
C_861_T,265,0,snp,freebayes,1.0,141
T_900_C,1149,0,snp,freebayes,1.0,208
A_960_C,1134,1,snp,freebayes,0.9991189427312775,202
T_969_A,1100,1,snp,freebayes,0.9990917347865577,207
T_1005_A,966,0,snp,freebayes,1.0,181
G_1193_A,1862,3,snp,freebayes,0.9983914209115281,217
T_1241_C,2562,0,snp,freebayes,1.0,234
C_1271_T,2572,0,snp,freebayes,1.0,240
G_1390_A,449,0,snp,freebayes,1.0,178
T_1448_C,326,0,snp,freebayes,1.0,159
CAAAAAAATGC_1544_CAAAAAAAATGC,20,224,ins,freebayes,0.08196721311475409,23
A_1574_G,257,0,snp,freebayes,1.0,141
T_1670_A,103,0,snp,freebayes,1.0,69
TAAAAAATG_1708_TAAAAAAATG,11,157,ins,freebayes,0.06547619047619048,28
A_2114_G,102,0,snp,freebayes,1.0,91
T_2330_G,1712,39,snp,freebayes,0.9777270131353513,38
A_2343_T,2050,7,snp,freebayes,0.9965969859017987,225
T_2398_C,2535,0,snp,freebayes,1.0,212
T_2440_C,2200,0,snp,freebayes,1.0,224
GAAAAAAGAT_2452_GAAAAAAAGAT,166,1986,ins,freebayes,0.07713754646840149,6
C_2544_T,908,1,snp,freebayes,0.9988998899889989,187
A_2593_G,778,2,snp,freebayes,0.9974358974358974,187
C_2638_T,956,4,snp,freebayes,0.9958333333333333,203
C_2731_T,838,0,snp,freebayes,1.0,43
A_2767_G,438,0,snp,freebayes,1.0,160
G_2812_A,380,1,snp,freebayes,0.9973753280839895,17
T_2824_C,272,1,snp,freebayes,0.9963369963369964,159
C_2875_A,303,0,snp,freebayes,1.0,169
GAAAAAATC_2882_GAAAAAAATC,21,271,ins,freebayes,0.07191780821917808,56
C_2921_T,179,0,snp,freebayes,1.0,8
G_2950_A,168,0,snp,freebayes,1.0,130
T_3014_C,291,0,snp,freebayes,1.0,167
T_3064_A,317,1,snp,freebayes,0.9968553459119497,165
T_3085_A,297,1,snp,freebayes,0.9966442953020134,145
C_3097_A,277,0,snp,freebayes,1.0,139
C_3110_T,207,0,snp,freebayes,1.0,101
G_3115_A,200,0,snp,freebayes,1.0,106
C_3250_T,1877,0,snp,freebayes,1.0,220
A_3262_G,1899,0,snp,freebayes,1.0,233
T_3299_C,1875,0,snp,freebayes,1.0,234
C_3316_T,1840,3,snp,freebayes,0.9983722192078134,234
T_3371_C,507,0,snp,freebayes,1.0,197
T_3376_C,361,0,snp,freebayes,1.0,185
T_3391_C,321,0,snp,freebayes,1.0,176
C_3400_T,331,0,snp,freebayes,1.0,158
T_3430_G,322,0,snp,freebayes,1.0,169
T_3436_C,317,1,snp,freebayes,0.9968553459119497,172
C_3568_T,457,1,snp,freebayes,0.9978165938864629,184
T_3577_C,1416,1,snp,freebayes,0.9992942836979535,221
CAAAAAATATG_3597_CAAAAAAATATG,141,1342,ins,freebayes,0.09507754551584625,111
T_3619_C,1397,1,snp,freebayes,0.9992846924177397,96
CAAAAAAAGTC_3696_CAAAAAAAAGTC,129,1221,ins,freebayes,0.09555555555555556,129
C_3730_T,373,0,snp,freebayes,1.0,165
T_3736_C,264,0,snp,freebayes,1.0,144
C_3799_T,258,0,snp,freebayes,1.0,166
T_3898_C,509,0,snp,freebayes,1.0,192
T_4012_C,272,0,snp,freebayes,1.0,143
G_4022_A,258,0,snp,freebayes,1.0,123
T_4028_A,261,0,snp,freebayes,1.0,123
C_4056_T,234,0,snp,freebayes,1.0,60
C_4067_A,232,0,snp,freebayes,1.0,119
C_4112_T,221,0,snp,freebayes,1.0,120
T_4117_A,215,0,snp,freebayes,1.0,104
T_4229_C,666,0,snp,freebayes,1.0,188
A_4294_C,667,1,snp,freebayes,0.9985029940119761,80
A_4330_G,623,0,snp,freebayes,1.0,4
C_4364_A,129,0,snp,freebayes,1.0,117
G_4396_A,187,0,snp,freebayes,1.0,157
T_4408_C,193,0,snp,freebayes,1.0,147
C_4417_T,366,0,snp,freebayes,1.0,191
A_4520_T,475,0,snp,freebayes,1.0,160
C_4529_T,470,0,snp,freebayes,1.0,168
T_4534_C,468,0,snp,freebayes,1.0,181
A_4669_C,1953,2,snp,freebayes,0.9989769820971867,233
A_4686_G,2039,3,snp,freebayes,0.9985308521057786,231
C_4794_T,1006,1,snp,freebayes,0.9990069513406157,9
T_4814_C,1022,0,snp,freebayes,1.0,216
C_4943_T,1486,0,snp,freebayes,1.0,10
T_4973_C,1467,2,snp,freebayes,0.998638529611981,38
T_4979_C,1459,1,snp,freebayes,0.9993150684931507,10
A_4989_T,1443,0,snp,freebayes,1.0,225
T_5006_C,1386,0,snp,freebayes,1.0,104
C_5056_T,414,1,snp,freebayes,0.9975903614457832,142
A_5076_C,202,1,snp,freebayes,0.9950738916256158,144
G_5093_A,209,0,snp,freebayes,1.0,128
G_5110_A,298,1,snp,freebayes,0.9966555183946488,7
C_5117_T,359,1,snp,freebayes,0.9972222222222222,164
C_5125_A,368,0,snp,freebayes,1.0,175
T_5138_C,444,0,snp,freebayes,1.0,195
C_5165_T,508,1,snp,freebayes,0.9980353634577603,178
T_5174_C,571,1,snp,freebayes,0.9982517482517482,164
T_5210_C,629,0,snp,freebayes,1.0,167
CAAAAAACCT_5231_CAAAAAAACCT,40,498,ins,freebayes,0.07434944237918216,59
A_5280_C,429,2,snp,freebayes,0.9953596287703016,191
CAAAAAAGATC_5291_CAAAAAAAGATC,31,344,ins,freebayes,0.08266666666666667,34
T_5302_C,402,0,snp,freebayes,1.0,190
C_5348_T,184,0,snp,freebayes,1.0,117
A_5353_G,177,0,snp,freebayes,1.0,113
C_5375_T,175,0,snp,freebayes,1.0,68
C_5416_A,118,0,snp,freebayes,1.0,74
A_5661_T,1803,0,snp,freebayes,1.0,214
G_5668_A,1807,0,snp,freebayes,1.0,160
C_5685_T,1802,0,snp,freebayes,1.0,82
T_5697_C,1813,0,snp,freebayes,1.0,133
A_5734_T,1812,1,snp,freebayes,0.9994484280198566,217
C_5751_T,1800,1,snp,freebayes,0.9994447529150472,214
A_5844_T,1650,0,snp,freebayes,1.0,206
G_5865_A,1672,0,snp,freebayes,1.0,214
G_5894_A,1761,0,snp,freebayes,1.0,213
A_5945_G,979,2,snp,freebayes,0.9979612640163099,187
G_5970_A,169,0,snp,freebayes,1.0,132
T_6003_C,149,0,snp,freebayes,1.0,116
C_6021_T,110,0,snp,freebayes,1.0,93
T_6186_C,108,0,snp,freebayes,1.0,74
G_6252_T,105,0,snp,freebayes,1.0,69
T_7602_C,1295,0,snp,freebayes,1.0,213
G_7632_A,1351,1,snp,freebayes,0.9992603550295858,213
C_7737_A,166,0,snp,freebayes,1.0,136
A_7746_G,172,0,snp,freebayes,1.0,125
T_7833_A,676,1,snp,freebayes,0.9985228951255539,191
C_7884_T,1139,0,snp,freebayes,1.0,197
T_7899_C,1141,0,snp,freebayes,1.0,209
CAAAAAAC_7908_CAAAAAAAC,96,884,ins,freebayes,0.09795918367346938,113
G_7917_A,930,0,snp,freebayes,1.0,221
T_7938_C,844,0,snp,freebayes,1.0,207
T_7970_C,838,1,snp,freebayes,0.99880810488677,27
A_7995_G,402,0,snp,freebayes,1.0,185
C_8040_T,367,0,snp,freebayes,1.0,6
TAAAAA_8057_TCAAAA,297,0,snp,freebayes,1.0,108
C_8063_A,298,9,snp,freebayes,0.9706840390879479,153
G_8202_A,247,0,snp,freebayes,1.0,125
T_8212_C,237,0,snp,freebayes,1.0,126
CAAAAGAAC_8225_CAAAAAAAC,185,0,snp,freebayes,1.0,78
T_8243_A,219,0,snp,freebayes,1.0,119
